76561198013119117
76561198142832989
76561198261488636
76561198201174534
76561198128094172
76561198146194436
76561198076079406
76561198291760653
76561198255515435
76561198039177070
76561197961738280
76561198859151340
76561198328887510
76561197961795981
76561198354255644
76561198059378910
76561198204672359
76561198214178467
76561198429121224
76561198025775842
76561198281500317
76561197992374482
76561198843456114
76561198354782264
76561198054959544
76561198066013931
76561198107071025
76561198044450741
76561198313912017
76561198928382795
76561198152311710
76561198409365105
76561198276750707
76561198976660616
76561198263744537
76561198157722621
76561198889425195
76561198201758099
76561198162374534
76561198192857837
76561198271253929
76561198229342852
76561198111696732
76561198322953372
76561198974101296
76561198301345846
76561198200124619
76561198178875206
76561198318018666
76561198802377661
76561198819677163
76561198795888164
76561198392485756
76561198971285660
76561197977834855
76561198415901560
76561198396807282
76561198867532224
76561198203991945
76561198267892549
76561198187172414
76561198020132990
76561198037924765
76561198116476930
76561197991911204
76561198383139314
76561198193072082
76561198434710126
76561197999492824
76561198018534051
76561198196098542
76561197993057893
76561198068069682
76561198147996754
76561198271589113
76561198374840223
76561198815113801
76561198013295619
76561197991155222
76561198124187778
76561198262306048
76561198268381022
76561198296907644
76561198278729765
76561198070148393
76561198392486781
76561198171688875
76561198006000610
76561198401920523
76561198093331150
76561198060615412
76561198073999616
76561198136738729
76561198064280876
76561198125337207
76561198295244109
76561198285281676
76561198251498394
76561198401381329
76561197996417003
76561198185524234
76561198273459945
76561198306051979
76561198314104433
76561198115726086
76561198083113786
76561198347830209
76561198028224191
76561198175650042
76561198135640865
76561198372080385
76561198371868179
76561198056100658
76561197964663628
76561198002505072
76561198247906530
76561198355725924
76561198192591482
76561198001188380
76561198361881054
76561198218061761
76561198196883814
76561198050193094
76561198293038443
76561198178085346
76561198253556252
76561198078292168
76561198025795166
76561198268119568
76561198285666380
76561198329045991
76561198254426443
76561198313091059
76561198233881616
76561198273179652
76561198082126222
76561198285878867
76561198291489056
76561198225700736
76561198065592115
76561198132816609
76561198284857847
76561198317790896
76561198389599950
76561198180609958
76561198400709984
76561198143788053
76561198282218706
76561198859629888
76561198118611762
76561198269444283
76561198138421979
76561198321631038
76561198394102004
76561198310952667
76561198163988407
76561198273189514
76561198238954274
76561198075234487
76561198139506994
76561198090864349
76561198296043420
76561198303053898
76561198171608387
76561198003723923
76561198124945502
76561198158863166
76561198069070486
76561198147749696
76561198039128280
76561198098716559
76561198042195435
76561198352369224
76561198384957936
76561198077069922
76561198047454604
76561198353957754
76561198878560137
76561198272557686
76561198234238640
76561198118158855
76561198141448531
76561198299706020
76561198256834507
76561198009908807
76561198228136496
76561198802538630
76561198833837430
76561198381800316
76561198277161180
76561198298970767
76561198133241587
76561198020995833
76561198333468688
76561198283252434
76561198069042870
76561198140185279
76561198179502137
76561198409952835
76561198086937699
76561198369743015
76561198829514173
76561198246608698
76561198800377799
76561198202704588
76561198238488962
76561198898025972
76561198035616295
76561198355803197
76561198348967888
76561198099356902
76561198261595576
76561198252915106
76561198000836177
76561198111261751
76561198094311294
76561198142838116
76561198269223974
76561198810857307
76561198271936424
76561198045667525
76561198191930375
76561198052785237
76561198103907783
76561198279631862
76561198204357689
76561198213107237
76561198045614888
76561198324051381
76561198167755697
76561198077291850
76561198383149075
76561198060876574
76561198287450939
76561198289722501
76561198076153964
76561198010330349
76561198263551308
76561198143479523
76561198293116400
76561198271749719
76561198315834747
76561198294098141
76561198830231154
76561198035322565
76561198212069252
76561197974808113
76561198349737431
76561198183860051
76561198041120020
76561198396797468
76561198356437259
76561198222900000
76561198928841039
76561198211870927
76561198282329933
76561198248601692
76561198144161580
76561198073365633
76561198322830981
76561198036591910
76561198089070766
76561198338507153
76561198242523616
76561198147045931
76561198257263971
76561198295857985
76561198041919714
76561198107635473
76561198174383761
76561198037657191
76561198326603560
76561198168953912
76561198066741379
76561198273473694
76561198071471764
76561198003212211
76561198350405948
76561198174326987
76561198131489242
76561198258152747
76561198297144901
76561198084612300
76561198040049837
76561198053791111
76561198360733239
76561198131649213
76561198060117746
76561198299435481
76561197992938871
76561198081042522
76561198067706775
76561198906886941
76561198430807658
76561198877936614
76561198258794454
76561198386936307
76561198131876744
76561198074798405
76561198264873432
76561198282923300
76561198356466221
76561198276713184
76561198023948670
76561198333879030
76561198323260280
76561198141740762
76561197994675017
76561198158139185
76561198087381830
76561198292158679
76561198046905364
76561198224709836
76561198290402289
76561198182250699
76561198316536006
76561198134087741
76561198231602608
76561198851714704
76561198216717005
76561198799677876
76561198048734436
76561198799648007
76561198242362716
76561198146445419
76561198109076931
76561198261988123
76561198048234440
76561198362811585
76561198189507638
76561198334494932
76561197965902128
76561198039017838
76561198368499662
76561198091446404
76561198139062750
76561198073059941
76561198118154338
76561198233556628
76561198311606694
76561198090408926
76561198233803576
76561198119783114
76561198238623664
76561198153423987
76561198074254756
76561198031997279
76561198141931540
76561198085869269
76561198319124331
76561198312663286
76561198110137895
76561198803950458
76561198069574585
76561198214314461
76561198190593570
76561198958967013
76561198404679021
76561198267235239
76561198059719968
76561198254457441
76561198310939153
76561198276130559
76561198325635317
76561198288827088
76561198217640713
76561198250318180
76561198090683574
76561198093186749
76561198121438921
76561198187148118
76561198206519891
76561198017517899
76561198068057331
76561198353714930
76561198129707554
76561198294921848
76561198413045549
76561198271533976
76561197968510699
76561198398405524
76561198259735579
76561198299710727
76561197973688558
76561198185205675
76561198169175889
76561198142305896
76561198303874709
76561198171840102
76561197968250508
76561198246414518
76561198145218343
76561198307045941
76561198183893089
76561198272593444
76561198048757951
76561198148521572
76561198255773786
76561198168719722
76561198202044911
76561198212071153
76561198313767556
76561198203198599
76561198058531030
76561198062594866
76561198331152574
76561198285088688
76561198090593428
76561198126473598
76561198150061179
76561198322642037
76561198021488067
76561198111134842
76561198253663332
76561198234991452
76561198398867138
76561198057697687
76561198334638489
76561198209232797
76561198332075670
76561198888996829
76561198396936502
76561198405066729
76561198272626266
76561198139873154
76561198193390531
76561198113892550
76561198145280784
76561198169202517
76561198192756278
76561198179957877
76561198212194356
76561198215527445
76561198309560981
76561198381669943
76561198203381318
76561198250506984
76561198089097355
76561198269165674
76561198254852851
76561198174517005
76561198295049925
76561198216271531
76561198800708423
76561198357750595
76561198131524592
76561198127650399
76561198144563719
76561198313029586
76561198374184966
76561198231962364
76561198128671904
76561198086846733
76561198173245101
76561197960400682
76561198357875878
76561198853887198
76561198254990107
76561198853812161
76561198202213115
76561198159516379
76561198206738499
76561198405176215
76561198357785211
76561198340143032
76561198864468009
76561198219958791
76561198032106219
76561197974145963
76561198203568537
76561198199092558
76561198295753392
76561198395784866
76561198402826274
76561198019437167
76561197990000025
76561198146851089
76561197992852348
76561197967039237
76561197998342565
76561198048258908
76561198261699332
76561198244717920
76561197995276245
76561198071542288
76561198288248809
76561198030089564
76561198169243634
76561198207376683
76561197979411013
76561198385162562
76561198235492080
76561198037643552
76561198302225343
76561198149392673
76561198208719061
76561197989908767
76561198082559223
76561198081350706
76561198017891096
76561198272987935
76561198253327863
76561198194806655
76561198080291165
76561198313677173
76561198263964293
76561198219226677
76561198029216631
76561198200337649
76561198294639235
76561198250617204
76561198234855332
76561198256885431
76561198035868094
76561198256672585
76561198003481467
76561198105067243
76561198038416800
76561198019235648
76561198019140641
76561198799710667
76561198072967074
76561198011751480
76561197990007147
76561198056144314
76561198030953688
76561198046256406
76561198202659297
76561198104893507
76561198147673644
76561198255644547
76561198303636659
76561198122093108
76561198021897532
76561198084943553
76561198201395853
76561198315747283
76561198138729256
76561198275999777
76561198081582320
76561198102656274
76561198063384469
76561198182532638
76561198373178810
76561198102216167
76561198144936548
76561198202111688
76561198403764498
76561198239122422
76561198202446265
76561198042221354
76561197995590056
76561198385942284
76561197993450013
76561198201141279
76561198075084535
76561198029915990
76561198213794529
76561198284260149
76561198290849028
76561198271525686
76561198161249192
76561198093933442
76561198051031611
76561198014246171
76561198208009311
76561198198685597
76561198352713518
76561198025734601
76561198129484131
76561198219967312
76561198110028455
76561198071459524
76561198055979309
76561198257803604
76561198123263681
76561198014069525
76561198200844955
76561198312457303
76561198273712521
76561198334201521
76561198056236502
76561198170301187
76561198292429216
76561198288256586
76561198072373925
76561198293216099
76561198142755738
76561197995548374
76561198320386049
76561198050424185
76561198107939151
76561198110426424
76561198131254938
76561197991567353
76561198187505081
76561198180313498
76561198012912520
76561198179808941
76561198313568668
76561198092086960
76561198234219044
76561198347486486
76561198036014155
76561198312534794
76561197983463366
76561198007943901
76561198105747268
76561198193120521
76561198086464704
76561198100138555
76561197984380625
76561198153071870
76561198062920489
76561198055575413
76561198269033393
76561198295771311
76561198305668263
76561198385995545
76561198033506916
76561198825487673
76561198067632678
76561198268475768
76561198149608593
76561198314949185
76561198071527912
76561198301106500
76561198025290052
76561198304263055
76561197999994270
76561198153764792
76561198088813508
76561198142747580
76561198140664124
76561198021978116
76561198200888385
76561198064204159
76561198151098273
76561198249059928
76561197992661552
76561198359262815
76561198048554624
76561198259200074
76561198314920342
76561198407776099
76561198018010794
76561198150240917
76561198354682907
76561198038115696
76561198107039860
76561197987719721
76561198058475302
76561198301436686
76561198316963351
76561198083783092
76561198260001779
76561198265359045
76561198043652510
76561198103199517
76561198059534245
76561198273458752
76561198133355911
76561198335861142
76561198056198168
76561198167886564
76561197980017030
76561198385819547
76561198245322752
76561198278631333
76561198255785271
76561198379696157
76561198135652224
76561198017481539
76561198071012268
76561198348763532
76561197996927227
76561198143463325
76561198326338086
76561197991994458
76561198050197569
76561198291014814
76561198504970427
76561198348357482
76561198451220177
76561198292295741
76561198894091096
76561198337112248
76561198091796744
76561198320664999
76561198105050450
76561197988479328
76561198126796843
76561197990476901
76561198291031124
76561198262082153
76561198187695947
76561198253891044
76561198263287610
76561198103321297
76561198401334578
76561198127315867
76561197979119776
76561198295744312
76561198315491961
76561198178054129
76561198303484696
76561198141872475
76561198148176135
76561198203942564
76561198036054879
76561198293939453
76561198122956386
76561198321662636
76561198287080029
76561198244373200
76561198315187227
76561198121411721
76561198008057421
76561198072276505
76561198121715861
76561198202303544
76561198190252274
76561198287895674
76561198334914342
76561197964609626
76561198974290422
76561198851329845
76561198198780673
76561198042476724
76561198091688367
76561198023186728
76561198366827309
76561198194897398
76561198262594878
76561198061383054
76561198039411414
76561198132125789
76561198149848328
76561198003906058
76561198337045838
76561198158552089
76561198272276785
76561198305267339
76561198228037812
76561198043172791
76561198098975147
76561197972518690
76561198268723536
76561198214160201
76561198051552721
76561198027714175
76561197994845071
76561198075645336
76561198102358690
76561198002245851
76561198152114013
76561198312100636
76561198262377722
76561198239707708
76561198219355317
76561198123035603
76561198223472036
76561198190770828
76561198056368980
76561198197415937
76561198078129425
76561198338502776
76561198142870777
76561198187836251
76561198168212927
76561197967126534
76561198204116880
76561198431417124
76561197995716928
76561198317912577
76561198106418581
76561198448627883
76561198149060901
76561198202577093
76561198004043359
76561198286976406
76561198370163833
76561198150398920
76561198347001444
76561198214231817
76561198008988133
76561198174896923
76561198452975256
76561198134536202
76561198204522204
76561198305047794
76561198409934013
76561198340296538
76561198800185191
76561198263242342
76561198054821851
76561198314718199
76561198241844770
76561198039911106
76561198396526762
76561198313850368
76561198087594126
76561198352970795
76561197976299108
76561198148617029
76561198402073164
76561197963615080
76561198046319350
76561198098392724
76561198147550368
76561198087632649
76561198239536536
76561198282947768
76561198101343721
76561198347047344
76561198118390777
76561198047152134
76561198295597822
76561197988092234
76561198087503735
76561197971644439
76561198247930244
76561198059191186
76561198387660850
76561198186498194
76561198381221639
76561198268187264
76561198799770753
76561198168780242
76561198219720537
76561198860516585
76561198299139000
76561197998386331
76561198137923005
76561198020038672
76561198294274474
76561198361056844
76561198046969241
76561198216968979
76561198110548936
76561198216198133
76561198146303552
76561198874786853
76561198316899091
76561198261330891
76561197975089584
76561198285640257
76561197980440082
76561198144485593
76561198327314527
76561198243195138
76561198204515003
76561198259261967
76561198271838732
76561198179762249
76561198083743993
76561198154326579
76561198273479906
76561198055356767
76561198253486634
76561198305314103
76561198250161910
76561198119415963
76561198326015754
76561198065480915
76561198276061098
76561197990685093
76561198135842800
76561197998214910
76561198302140356
76561198248046778
76561198203243942
76561198077249587
76561198208861053
76561197997493631
76561198204865489
76561198284271173
76561198089675140
76561198091819686
76561198322775658
76561198078771373
76561198166203535
76561198276091905
76561197998025969
76561197998889378
76561198311132533
76561198311939945
76561197995593787
76561198074475375
76561198010016291
76561198171756355
76561198110793352
76561198295562247
76561198077328675
76561198171836251
76561198321627589
76561198218517083
76561198330318667
76561198207209889
76561198129662916
76561198224049788
76561198011772677
76561198184105221
76561198306683867
76561198166747353
76561198256630822
76561198308075852
76561198015221399
76561198151584033
76561198251522964
76561198125010640
76561198373506325
76561198144399956
76561198119565633
76561198066730278
76561198063470813
76561198238338144
76561198029908288
76561198170598543
76561198158597474
76561198189137321
76561198134160405
76561197999039535
76561198344128092
76561198000266395
76561198103149648
76561198193540278
76561198168086278
76561198434499669
76561198261422021
76561198220671171
76561198073629936
76561198157962334
76561198271907493
76561198085216172
76561198097976327
76561198191364383
76561198123694512
76561198059884489
76561198258668891
76561198188442574
76561197979290387
76561198070937572
76561198038686014
76561198099333901
76561198233354928
76561198141896219
76561198110498093
76561198195857630
76561198168884108
76561198962630318
76561197987845932
76561198208458472
76561198010048961
76561198203058486
76561198072804142
76561197990227463
76561198400161507
76561198351970085
76561198153027674
76561198051744661
76561198053780422
76561198089330088
76561198030253108
76561198000532359
76561198150425283
76561198200636859
76561198292374182
76561198125375617
76561198177109082
76561198037088746
76561198026796607
76561198162022563
76561198272619258
76561198083360525
76561198379706964
76561198037255363
76561198128769758
76561198119976674
76561198281702626
76561198076721851
76561198813210149
76561198019004904
76561198096881484
76561198285678286
76561198078847881
76561198128530609
76561198239093416
76561198061155739
76561198276170863
76561198162476139
76561197992791104
76561198034906688
76561198314025316
76561198014431640
76561198437522793
76561198254259628
76561197995672374
76561198203177821
76561198402653680